

%% Global Data
time = [0;605.928588900000;1211.85717800000;1817.78576700000;2423.71435500000;3029.64294400000;3635.57153300000;4241.50012200000;4847.42871100000;5453.35730000000;6059.28564500000];

%% %%%%%%%%%%%%%%%%% PC_SS12 %%%%%%%%%%%%%%%%%
PC_SS12_CCD_RAD = [-1.70731161900000;-1.53378561900000;-1.68537528100000;-1.76701109000000;-1.89165356400000;-1.99337338400000;-2.04950854400000;-2.03211421300000;-2.23845869200000;-1.93971505600000;-1.70723973300000];
PC_SS12_EBox_Plate2_contactzone = [-7.41964898000000;-7.63560873100000;-7.07692932400000;-6.39738438300000;-6.07386005100000;-5.97939951200000;-5.83499958800000;-5.72379742600000;-5.95921045800000;-6.98408229900000;-7.41964525200000];
PC_SS12_EBox_RAD = [-8.54174911900000;-8.01873764400000;-7.75699317600000;-8.19915338200000;-8.91888268000000;-9.49503025000000;-9.86128871000000;-10.0320761000000;-9.93448030100000;-9.30436465100000;-8.54175458100000];
PC_SS12_MLI_to_STR = [-0.0350762700000000;-0.0398554650000000;-0.283336000000000;-0.216587588000000;-0.276655207000000;-0.300415373000000;-0.268201963000000;-0.170493342000000;-0.224274496000000;-0.0422965560000000;-0.0350792260000000];
PC_SS12_SP_STR =[3.70175390100000;4.41412605900000;-3.65615179400000;-6.13242627400000;-7.33098412300000;-7.81440625300000;-8.08458958800000;-8.09471132400000;-2.48800037800000;2.26808407500000;3.70171888600000];
PC_SS12_STR_to_IR_STR =[-2.61892023400000;-2.72966524200000;-2.21640797800000;-2.10300013600000;-1.95283460900000;-1.90140616000000;-1.97772153100000;-2.19406614700000;-1.95514190800000;-2.38708929900000;-2.61898271100000];
PC_SS12_STR_to_RAD = [-5.90602296400000;-5.15485523700000;-7.37553265700000;-8.31609111200000;-9.17215015600000;-9.27530831900000;-9.55859367700000;-10.1444126500000;-11.0079480900000;-7.50743518800000;-5.90599661400000];

%% %%%%%%%%%%%%%%%%% AC_SS12 %%%%%%%%%%%%%%%%%
AC_SS12_EBox_Plate2 =  [-6.85586020500000;-7.10654389600000;-6.55457789400000;-5.83075051500000;-5.37810813800000;-5.17828139100000;-5.02678418700000;-4.98944019400000;-5.28764830800000;-6.37538028100000;-6.85585952400000];
AC_SS12_EBox_RAD = [-9.80995470000000;-9.17118735700000;-8.83654105200000;-9.32501928800000;-10.3280570900000;-11.2430094800000;-11.7773790400000;-11.8676499600000;-11.5628810000000;-10.7324258500000;-9.80995679300000];
AC_SS12_STR_to_IR_STR = [-4.00323851000000;-3.98778484000000;-3.52956054200000;-3.53359996900000;-3.45101713500000;-3.41150321400000;-3.51213063700000;-3.80069301700000;-3.69168989800000;-3.96438995000000;-4.00331105300000];

