
%% Global Data
time = [0;605.928588900000;1211.85717800000;1817.78576700000;2423.71435500000;3029.64294400000;3635.57153300000;4241.50012200000;4847.42871100000;5453.35730000000;6059.28564500000];

%% %%%%%%%%%%%%%%%%% PC_SS12 %%%%%%%%%%%%%%%%%
PC_SS12_EB_Body = 273.15+[-24.0906550700000;-28.1571365900000;-23.7372942300000;-21.4838875400000;-18.4057697900000;-16.2107275100000;-14.9909652100000;-15.3385217600000;-12.1471749100000;-18.8172474400000;-24.0919204000000];
PC_SS12_IR_TEL_LENS=273.15+[-20.6584532500000;-20.7947783200000;-20.9350766600000;-21.0083063700000;-21.0259792600000;-20.9913861200000;-20.9246109400000;-20.8483975600000;-20.7480877400000;-20.6857986400000;-20.7371929500000];
PC_SS12_IR_TEL_STR= 273.15+[-24.0906550700000;-28.1571365900000;-23.7372942300000;-21.4838875400000;-18.4057697900000;-16.2107275100000;-14.9909652100000;-15.3385217600000;-12.1471749100000;-18.8172474400000;-24.0919204000000];
PC_SS12_RAD_INS=273.15+[6.26404076500000;5.04014409700000;4.14865548900000;4.21022095500000;4.92187758000000;5.77256188600000;6.39530436800000;6.90099355900000;7.49077007100000;7.14380720200000;6.26368110400000];
PC_SS12_RAD_IR_TEL_2=273.15+[-59.4200346800000;-60.1548522700000;-60.3379012700000;-59.9872937000000;-59.4143007400000;-58.8585303600000;-58.3445831600000;-57.9965241400000;-57.8582429700000;-58.6222259800000;-59.4203618700000];
PC_SS12_RAD_IR_TEL_STR=273.15+[-25.0664674200000;-29.0658040600000;-24.9595608300000;-22.7578458000000;-19.7818699300000;-17.5784077300000;-16.3141257500000;-16.6527056800000;-13.5983130900000;-19.8951338300000;-25.0677474500000];
PC_SS12_RAD_STR=273.15+[-2.56420562700000;-4.66444715300000;-6.33251197400000;-6.42199259200000;-4.97219606000000;-2.99660083700000;-1.47050239400000;-0.804108931000000;-0.352351185000000;-0.895450484000000;-2.56460653800000];
PC_SS12_SP =273.15+[-6.79976319600000;-15.9650553600000;10.2947941300000;31.9854083700000;43.9811886900000;49.3375964500000;52.4975013500000;53.7273234100000;42.7384311700000;9.24734644300000;-6.79982741400000];

%% %%%%%%%%%%%%%%%%% AC_SS12 %%%%%%%%%%%%%%%%%
AC_SS12_EB_Body = 273.15+[12.1122598100000;8.48459068700000;8.77376684800000;11.9052552400000;15.0801697900000;17.5533693200000;19.7479817400000;21.3874251500000;21.4979392300000;16.5500924900000;12.1120841000000];
AC_SS12_IR_TEL_LENS=273.15+[-23.4162561200000;-23.5451286400000;-23.6796728400000;-23.7517165200000;-23.7714276600000;-23.7398756500000;-23.6761471200000;-23.6025248900000;-23.5037983800000;-23.4395092300000;-23.4849324800000];
AC_SS12_IR_TEL_STR=273.15+[-25.5955171000000;-29.7289112300000;-25.4792614500000;-23.3802911500000;-20.3419724200000;-18.1046457700000;-16.8421593900000;-17.1288891800000;-13.8298643400000;-20.3435431000000;-25.5965465600000];
AC_SS12_RAD_INS=273.15+[9.68646598600000;8.32952651900000;7.32155794000000;7.35043637700000;8.09326341100000;9.04334892700000;9.78989438600000;10.4000427000000;11.0552429200000;10.6651164900000;9.68630404600000];
AC_SS12_RAD_IR_TEL_2=273.15+[-13.9995939600000;-14.4742059500000;-14.6606349800000;-14.5578216100000;-14.2600576000000;-13.9336399400000;-13.6002880100000;-13.3326351000000;-13.1837411000000;-13.5638832400000;-13.9996954600000];
AC_SS12_RAD_IR_TEL_STR=273.15+[-26.6770730800000;-30.7368696600000;-26.7864202900000;-24.7448135000000;-21.8000689500000;-19.5549748200000;-18.2560571100000;-18.5407010100000;-15.3857231400000;-21.5345730900000;-26.6781168600000];
AC_SS12_SP =273.15+[-5.96889138100000;-15.4378907300000;10.8272383500000;32.9016773700000;45.2378297800000;50.7494804200000;54.0369833200000;55.3544552700000;44.3696813300000;10.4556987200000;-5.96891452700000];

